19
   -2.76597426	   +0.46200000	   +0.00095000	   +0.00001900	   +0.00000000	   +0.00000000	   +0.00000000	   +0.00000000	   +0.00000000	   +0.00000000	   +0.00047500	   +0.00021100	   +0.01900000	   +0.00000000	   +0.00000000	   +0.00038000	   +0.00000000	   +0.00000000	   +0.00000000
   +0.83200000	   -0.46299426	   +0.00000000	   +0.00000000	   +0.00000000	   +0.00000000	   +0.00000000	   +0.00000000	   +0.00000000	   +0.00000000	   +0.00000000	   +0.00000000	   +0.00000000	   +0.00000000	   +0.00000000	   +0.00000000	   +0.00000000	   +0.00000000	   +0.00000000
   +0.24300000	   +0.00000000	   -0.00194426	   +0.00000000	   +0.00000000	   +0.00000000	   +0.00000000	   +0.00000000	   +0.00000000	   +0.00000000	   +0.00000000	   +0.00000000	   +0.00000000	   +0.00000000	   +0.00000000	   +0.00000000	   +0.00000000	   +0.00000000	   +0.00000000
   +0.03880000	   +0.00000000	   +0.00000000	   -0.00101326	   +0.00000000	   +0.00000000	   +0.00000000	   +0.00000000	   +0.00000000	   +0.00000000	   +0.00000000	   +0.00000000	   +0.00000000	   +0.00000000	   +0.00000000	   +0.00000000	   +0.00000000	   +0.00000000	   +0.00000000
   +0.67900000	   +0.00000000	   +0.00000000	   +0.00000000	   -0.00111746	   +0.00000000	   +0.00000000	   +0.00000000	   +0.00000000	   +0.00000000	   +0.00000000	   +0.00000000	   +0.00000000	   +0.00000000	   +0.00000000	   +0.00000000	   +0.00000000	   +0.00000000	   +0.00000000
   +0.00000000	   +0.00000000	   +0.00000000	   +0.00000000	   +0.00004110	   -0.00107636	   +0.00000000	   +0.00000000	   +0.00000000	   +0.00000000	   +0.00000000	   +0.00000000	   +0.00000000	   +0.00000000	   +0.00000000	   +0.00000000	   +0.00000000	   +0.00000000	   +0.00000000
   +0.00000000	   +0.00000000	   +0.00000000	   +0.00000000	   +0.00008210	   +0.00008210	   -0.00099426	   +0.00000000	   +0.00000000	   +0.00000000	   +0.00000000	   +0.00000000	   +0.00000000	   +0.00000000	   +0.00000000	   +0.00000000	   +0.00000000	   +0.00000000	   +0.00000000
   +0.67900000	   +0.00000000	   +0.00000000	   +0.00000000	   +0.00000000	   +0.00000000	   +0.00000000	   -0.00173426	   +0.00000000	   +0.00000000	   +0.00000000	   +0.00000000	   +0.00000000	   +0.00000000	   +0.00000000	   +0.00000000	   +0.00000000	   +0.00000000	   +0.00000000
   +0.00000000	   +0.00000000	   +0.00000000	   +0.00000000	   +0.00000000	   +0.00000000	   +0.00000000	   +0.00024700	   -0.00148726	   +0.00000000	   +0.00000000	   +0.00000000	   +0.00000000	   +0.00000000	   +0.00000000	   +0.00000000	   +0.00000000	   +0.00000000	   +0.00000000
   +0.00000000	   +0.00000000	   +0.00000000	   +0.00000000	   +0.00000000	   +0.00000000	   +0.00000000	   +0.00049300	   +0.00049300	   -0.00099426	   +0.00000000	   +0.00000000	   +0.00000000	   +0.00000000	   +0.00000000	   +0.00000000	   +0.00000000	   +0.00000000	   +0.00000000
   +0.09700000	   +0.00000000	   +0.00000000	   +0.00000000	   +0.00000000	   +0.00000000	   +0.00000000	   +0.00000000	   +0.00000000	   +0.00000000	   -0.00289426	   +0.00000000	   +0.00000000	   +0.00000000	   +0.00000000	   +0.00000000	   +0.00000000	   +0.00000000	   +0.00000000
   +0.00000000	   +0.00000000	   +0.00000000	   +0.00000000	   +0.00000000	   +0.00000000	   +0.00000000	   +0.00000000	   +0.00000000	   +0.00000000	   +0.00095000	   -0.00120526	   +0.00000000	   +0.00000000	   +0.00000000	   +0.00000000	   +0.00000000	   +0.00000000	   +0.00000000
   +0.00068000	   +0.00000000	   +0.00000000	   +0.00000000	   +0.00000000	   +0.00000000	   +0.00000000	   +0.00000000	   +0.00000000	   +0.00000000	   +0.00000000	   +0.00000000	   -0.01999426	   +0.00000000	   +0.00000000	   +0.00000000	   +0.00000000	   +0.00000000	   +0.00000000
   +0.00120000	   +0.00000000	   +0.00000000	   +0.00000000	   +0.00000000	   +0.00000000	   +0.00000000	   +0.00000000	   +0.00000000	   +0.00000000	   +0.00047500	   +0.00000000	   +0.00000000	   -1.00099426	   +0.00000000	   +0.00000000	   +0.00000000	   +0.00000000	   +0.00000000
   +0.00000000	   +0.00000000	   +0.00000000	   +0.00000000	   +0.00000000	   +0.00000000	   +0.00000000	   +0.00000000	   +0.00000000	   +0.00000000	   +0.00000000	   +0.00000000	   +0.00000000	   +1.00000000	   -0.00099426	   +0.00000000	   +0.00000000	   +0.00000000	   +0.00000000
   +0.01940000	   +0.00000000	   +0.00000000	   +0.00000000	   +0.00000000	   +0.00000000	   +0.00000000	   +0.00000000	   +0.00000000	   +0.00000000	   +0.00000000	   +0.00000000	   +0.00000000	   +0.00000000	   +0.00000000	   -0.00137426	   +0.00000000	   +0.00000000	   +0.00000000
   +0.06790000	   +0.00000000	   +0.00000000	   +0.00000000	   +0.00000000	   +0.00000000	   +0.00000000	   +0.00000000	   +0.00000000	   +0.00000000	   +0.00000000	   +0.00000000	   +0.00000000	   +0.00000000	   +0.00000000	   +0.00000000	   -0.04719426	   +0.00000000	   +0.00000000
   +0.10700000	   +0.00000000	   +0.00000000	   +0.00000000	   +0.00000000	   +0.00000000	   +0.00000000	   +0.00000000	   +0.00000000	   +0.00000000	   +0.00000000	   +0.00000000	   +0.00000000	   +0.00000000	   +0.00000000	   +0.00000000	   +0.04620000	  -12.00099426	   +0.00000000
   +0.00000000	   +0.00000000	   +0.00000000	   +0.00000000	   +0.00000000	   +0.00000000	   +0.00000000	   +0.00000000	   +0.00000000	   +0.00000000	   +0.00000000	   +0.00000000	   +0.00000000	   +0.00000000	   +0.00000000	   +0.00000000	   +0.00000000	  +12.00000000	   -0.00099426
1
0
0
0
0
0
0
0
0
0
0
0
0
0
0
0
0
0
0
0.001
0.0001
0
1000
